# change date is: 2017.4.4
ROBOT_ID = 1, 2, 3, 4, 5, 6, 7, 8, 9, 10, 11, 12
ROBOT_NUM = 1,2,3,4,5,6,7,8,11,12
CHASSIS_NUM = 1501,1502,1503,1504,1505,1506,1507,1508,1509,1510

# IranOpen2017 2017.4.4 {

APARAM_FLAT_KICK =  5.3607,	10.27541,	11.58276,	5.25613,	3.60954,10,	5.25613,10,10,10,10,	9.58234
BPARAM_FLAT_KICK =  0.0053320030, 	0.0492418441, 	0.0516862105, 	-0.00825705,	0.0105596393, 0,	0.0105596393 0,0,0,0,	-0.028577919
CPARAM_FLAT_KICK = 22.5189693214, 	24.8884302561, 	27.2157453595, 	22.2999696848, 	17.4430143485,30, 	17.4430143485,30,30,30,30, 	25.6893474584 

MINPARAM_FLAT_KICK_POWER = 15, 15, 15, 15, 15, 15, 15, 15, 15, 15, 15, 15
MAXPARAM_FLAT_KICK_POWER = 118, 102, 108, 109, 112, 115, 52, 103, 110, 110, 110, 110


APARAM_CHIP_KICK = 0.000643352, 0.0002121488, 	0.0006704913,	0.0167974905, 	0.0009388685,0, 	0.0013392679,0,0,0,0, 	0.0010178619 
BPARAM_CHIP_KICK = 0.01851 ,	0.1107898427, 	-0.0103183886, 	-4.0765980389, 	-0.1282510598,0, 	-0.2110000007,0,0,0,0, 	-0.1721559695 
CPARAM_CHIP_KICK =  33.64138 ,	42.7663277781, 	52.3607224382, 	284.5363613057, 	45.1567888646,80,	48.9866745533,80,80,80,80, 	49.7733587006 



# }IranOpen2017 2017.4.4 effective 8 = 12 - 4

MINPARAM_CHIP_KICK_POWER = 0, 0, 0, 0, 0, 0, 0, 0, 0, 0, 0, 0
MAXPARAM_CHIP_KICK_POWER = 127, 127, 127, 127, 127, 127, 127, 127, 127, 127, 127, 127

#OldCar
#CHASE_KICK_CROSS_FACTOR = 0.5, 0.5, 0.5, 0.5, 0.3, 0.5, 0.5, 0.5, 0.5, 0.5, 0.5, 0.5
#CHASE_KICK_VERTICAL_FACTOR = 1, 1, 1, 1, 1, 1, 1, 1, 1, 1, 1, 1

#NewCar
CHASE_KICK_CROSS_FACTOR = 0.0, 0.0, 0.0, -2.5, -1.5, 1.8, -2.4, -5.8, 0.5, 0.5, 0.35, 0.25
CHASE_KICK_VERTICAL_FACTOR = 0.8, 0.0, 0.45, -0.8, 1, -1.2, 0.0, 0.45, 0.55, 0.55, 0.5, 0.55

LEVEL1501 = 21, 221,	 250,	270, 300
VALUE1501 = 0,  0.025, 0.05, 0.075, 0.1
LEVEL1502 = 51, 116, 150, 175,   200,  225,   250, 260,   270,  275,   280, 285,   290,  295,  300
VALUE1502 = 0,  0.1,	0.2, 0.225,	0.25, 0.275, 0.3, 0.325, 0.35, 0.375, 0.4, 0.425, 0.45, 0.475, 0.5
LEVEL1503 = 10, 51,	 80,	120, 141,  161, 231,  251, 270,  290,  300
VALUE1503 = 0,  0.05, 0.075, 0.1, 0.15, 0.2, 0.25, 0.3, 0.325, 0.35, 0.375
LEVEL1504 = 10, 51,	 80,	120, 141,  161, 231,  251, 270,  290,  300
VALUE1504 = 0,  0.05, 0.075, 0.1, 0.15, 0.2, 0.25, 0.3, 0.325, 0.35, 0.375
LEVEL1505 = 10, 51,	 80,	120, 141,  161, 231,  251, 270,  290,  300
VALUE1505 = 0,  0.05, 0.125, 0.2, 0.25, 0.3, 0.35, 0.4, 0.425, 0.45, 0.475
LEVEL1506 = 10, 61,	111,  141,  201, 221,	251, 	271,   285,  300, 320
VALUE1506 = 0,0.05,	0.1,  0.15, 0.2, 0.25, 	0.30, 	0.325, 0.35, 0.375,	0.4
LEVEL1507 = 10, 51,	 80,	120, 141,  161, 231,  251, 290,  300
VALUE1507 = 0,  0.05, 0.075, 0.1, 0.15, 0.2, 0.25, 0.35,  0.375, 0.425
LEVEL1508 = 10, 51,	 80,	120, 141,  171, 201,  251, 271, 290, 300
VALUE1508 = 0,  0.05, 0.075, 0.1, 0.15, 0.2, 0.25, 0.3,  0.35, 0.4, 0.425
LEVEL1509 = 21, 221,	 250,	270, 300
VALUE1509 = 0,  0.025, 0.05, 0.075, 0.1
LEVEL1510 = 10, 51,	 80,	120, 141,  161, 180,  200,   220, 230,   240,  250, 260
VALUE1510 = 0,  0.05, 0.075, 0.1, 0.15, 0.2, 0.25, 0.275, 0.3, 0.325, 0.35, 0.4, 0.5
