# change date is: 2017.4.4
ROBOT_ID = 1, 2, 3, 4, 5, 6, 7, 8, 9, 10, 11, 12
ROBOT_NUM = 1,2,3,4,5,6,7,8,11,12
CHASSIS_NUM = 1501,1502,1503,1504,1505,1506,1507,1508,1509,1510

# In Lab blue robot 2017.4.27 {

APARAM_FLAT_KICK = 17.49397,16.03198,21.19629,19.27801,10.68976,12.21646 ,12.24338,12.06847,11.20364,0,3.65317,0
BPARAM_FLAT_KICK = 0.0503613704,0.0416898284,0.0092419350,0.0224390560,0.0734173492,0.0543213500,0.0685373094,0.0468227305,0.0884516495,0,0.0318738143,0
CPARAM_FLAT_KICK = 19.7758497972,18.9294367417,21.7877528859,19.9068985013,14.8873679972,17.6520222879,16.2571069243,19.9272025418,14.9849875223,0,15.7902898743,0

MINPARAM_FLAT_KICK_POWER = 19,17,17,16,17,20,18,17,19,0,18,0
MAXPARAM_FLAT_KICK_POWER = 127,127,127,127,127,127,127,127,127,0,62,0



APARAM_CHIP_KICK = 0.0002362844, 0.0002262450 ,0.0003433577,0.0003386573,0.0003287627,0.0001898164,0.0003513858,0.0002694915,0.0003282981 ,0,0.01,0
BPARAM_CHIP_KICK = 0.0672185228,0.0588846380 ,0.0260086856,-0.0017387775,0.0200546284,0.0699790355,0.0611958545,0.1187334401,-0.0078162305,0,0.1,0
CPARAM_CHIP_KICK = 45.6481732871,44.3569683634,47.0080578967,50.2200667330,46.7280739610,41.6810403958,47.2250500541,41.5037282729,50.3598286354,0,100,0


# }

MINPARAM_CHIP_KICK_POWER = 50,50,50,50,50,50,55,50,50,0,127,0
MAXPARAM_CHIP_KICK_POWER = 127,127,127,127,127,127,127,127,127,0,127,127

#OldCar
#CHASE_KICK_CROSS_FACTOR = 0.5, 0.5, 0.5, 0.5, 0.3, 0.5, 0.5, 0.5, 0.5, 0.5, 0.5, 0.5
#CHASE_KICK_VERTICAL_FACTOR = 1, 1, 1, 1, 1, 1, 1, 1, 1, 1, 1, 1

#NewCar
CHASE_KICK_CROSS_FACTOR = 	0,0,0,0,0,0,0,0,0,0,0,0
CHASE_KICK_VERTICAL_FACTOR = 0,0,0,0,0,0,0,0,0,0,0,0

LEVEL1501 = 21, 221,	 250,	270, 300
VALUE1501 = 0,  0.025, 0.05, 0.075, 0.1
LEVEL1502 = 51, 116, 150, 175,   200,  225,   250, 260,   270,  275,   280, 285,   290,  295,  300
VALUE1502 = 0,  0.1,	0.2, 0.225,	0.25, 0.275, 0.3, 0.325, 0.35, 0.375, 0.4, 0.425, 0.45, 0.475, 0.5
LEVEL1503 = 10, 51,	 80,	120, 141,  161, 231,  251, 270,  290,  300
VALUE1503 = 0,  0.05, 0.075, 0.1, 0.15, 0.2, 0.25, 0.3, 0.325, 0.35, 0.375
LEVEL1504 = 10, 51,	 80,	120, 141,  161, 231,  251, 270,  290,  300
VALUE1504 = 0,  0.05, 0.075, 0.1, 0.15, 0.2, 0.25, 0.3, 0.325, 0.35, 0.375
LEVEL1505 = 10, 51,	 80,	120, 141,  161, 231,  251, 270,  290,  300
VALUE1505 = 0,  0.05, 0.125, 0.2, 0.25, 0.3, 0.35, 0.4, 0.425, 0.45, 0.475
LEVEL1506 = 10, 61,	111,  141,  201, 221,	251, 	271,   285,  300, 320
VALUE1506 = 0,0.05,	0.1,  0.15, 0.2, 0.25, 	0.30, 	0.325, 0.35, 0.375,	0.4
LEVEL1507 = 10, 51,	 80,	120, 141,  161, 231,  251, 290,  300
VALUE1507 = 0,  0.05, 0.075, 0.1, 0.15, 0.2, 0.25, 0.35,  0.375, 0.425
LEVEL1508 = 10, 51,	 80,	120, 141,  171, 201,  251, 271, 290, 300
VALUE1508 = 0,  0.05, 0.075, 0.1, 0.15, 0.2, 0.25, 0.3,  0.35, 0.4, 0.425
LEVEL1509 = 21, 221,	 250,	270, 300
VALUE1509 = 0,  0.025, 0.05, 0.075, 0.1
LEVEL1510 = 10, 51,	 80,	120, 141,  161, 180,  200,   220, 230,   240,  250, 260
VALUE1510 = 0,  0.05, 0.075, 0.1, 0.15, 0.2, 0.25, 0.275, 0.3, 0.325, 0.35, 0.4, 0.5

