# change date is: 2017.12.6
ROBOT_ID = 1, 2, 3, 4, 5, 6, 7, 8, 9, 10, 11, 12
ROBOT_NUM = 1,2,3,4,5,6,7,8,11,12
CHASSIS_NUM = 1501,1502,1503,1504,1505,1506,1507,1508,1509,1510

# In Lab blue robot 2017.12.6 {

APARAM_FLAT_KICK = 0,0,33.98,0,0,0 ,0,12.06847,0,0,3.65317,0
BPARAM_FLAT_KICK = 0.155348,0.133162,-0.0584497,0.153657,0.167531,0.200855,0.171615,0.0468227305,0.216732,0,0.0318738143,0
CPARAM_FLAT_KICK = 7.34179,16.00231,32.794896,10.6974,6.74704,-4.99879,3.6215,19.9272025418,-16.63433,0,15.7902898743,0

MINPARAM_FLAT_KICK_POWER = 19,17,17,16,17,20,18,17,19,0,18,0
MAXPARAM_FLAT_KICK_POWER = 127,127,127,127,127,127,127,127,127,0,62,0



APARAM_CHIP_KICK = 0.0009474108, 0.0002294873,0.0002869770,0.0004064097,0.0004957988,0.0005639787,0.0004952586,0.0002503657,0.0004031698 ,0.0006979694,0.0014338001,0.0002095291
BPARAM_CHIP_KICK = -0.103862295, 0.064988085, 0.00415545866, -0.0444595866, -0.05970475181, -0.00472364007,  -0.02078553, 0.02582123924, -0.025139937, 0.0668192216,- 0.0125004818 ,0.0356665275
CPARAM_CHIP_KICK = 54.6016872858388, 45.2544405242568, 49.1082059242175, 53.2948554381794, 54.9634653077484, 49.7980257107177, 51.4574306969355, 46.3451543830173, 50.5487475336608, 47.8571820301930,51.8171967311,45.076191580314521


# }

MINPARAM_CHIP_KICK_POWER = 50,50,50,50,50,50,50,50,50,50,60,50
MAXPARAM_CHIP_KICK_POWER = 127,127,127,127,127,120,120,110,127,127,110,127

#OldCar
#CHASE_KICK_CROSS_FACTOR = 0.5, 0.5, 0.5, 0.5, 0.3, 0.5, 0.5, 0.5, 0.5, 0.5, 0.5, 0.5
#CHASE_KICK_VERTICAL_FACTOR = 1, 1, 1, 1, 1, 1, 1, 1, 1, 1, 1, 1

#NewCar
CHASE_KICK_CROSS_FACTOR = 	0,0,0,0,0,0,0,0,0,0,0,0
CHASE_KICK_VERTICAL_FACTOR = 0,0,0,0,0,0,0,0,0,0,0,0

LEVEL1501 = 21, 221,	 250,	270, 300
VALUE1501 = 0,  0.025, 0.05, 0.075, 0.1
LEVEL1502 = 51, 116, 150, 175,   200,  225,   250, 260,   270,  275,   280, 285,   290,  295,  300
VALUE1502 = 0,  0.1,	0.2, 0.225,	0.25, 0.275, 0.3, 0.325, 0.35, 0.375, 0.4, 0.425, 0.45, 0.475, 0.5
LEVEL1503 = 10, 51,	 80,	120, 141,  161, 231,  251, 270,  290,  300
VALUE1503 = 0,  0.05, 0.075, 0.1, 0.15, 0.2, 0.25, 0.3, 0.325, 0.35, 0.375
LEVEL1504 = 10, 51,	 80,	120, 141,  161, 231,  251, 270,  290,  300
VALUE1504 = 0,  0.05, 0.075, 0.1, 0.15, 0.2, 0.25, 0.3, 0.325, 0.35, 0.375
LEVEL1505 = 10, 51,	 80,	120, 141,  161, 231,  251, 270,  290,  300
VALUE1505 = 0,  0.05, 0.125, 0.2, 0.25, 0.3, 0.35, 0.4, 0.425, 0.45, 0.475
LEVEL1506 = 10, 61,	111,  141,  201, 221,	251, 	271,   285,  300, 320
VALUE1506 = 0,0.05,	0.1,  0.15, 0.2, 0.25, 	0.30, 	0.325, 0.35, 0.375,	0.4
LEVEL1507 = 10, 51,	 80,	120, 141,  161, 231,  251, 290,  300
VALUE1507 = 0,  0.05, 0.075, 0.1, 0.15, 0.2, 0.25, 0.35,  0.375, 0.425
LEVEL1508 = 10, 51,	 80,	120, 141,  171, 201,  251, 271, 290, 300
VALUE1508 = 0,  0.05, 0.075, 0.1, 0.15, 0.2, 0.25, 0.3,  0.35, 0.4, 0.425
LEVEL1509 = 21, 221,	 250,	270, 300
VALUE1509 = 0,  0.025, 0.05, 0.075, 0.1
LEVEL1510 = 10, 51,	 80,	120, 141,  161, 180,  200,   220, 230,   240,  250, 260
VALUE1510 = 0,  0.05, 0.075, 0.1, 0.15, 0.2, 0.25, 0.275, 0.3, 0.325, 0.35, 0.4, 0.5

