# change date is: 2017.12.6
ROBOT_ID = 1, 2, 3, 4, 5, 6, 7, 8, 9, 10, 11, 12
ROBOT_NUM = 1,2,3,4,5,6,7,8,11,12
CHASSIS_NUM = 1501,1502,1503,1504,1505,1506,1507,1508,1509,1510

# In Lab blue robot 2017.12.6 {

APARAM_FLAT_KICK = 0,0,33.98,0,0,0 ,0,12.06847,0,0,3.65317,0
BPARAM_FLAT_KICK = 0.155348,0.133162,-0.0584497,0.153657,0.167531,0.200855,0.171615,0.0468227305,0.216732,0,0.0318738143,0
CPARAM_FLAT_KICK = 7.34179,16.00231,32.794896,10.6974,6.74704,-4.99879,3.6215,19.9272025418,-16.63433,0,15.7902898743,0

MINPARAM_FLAT_KICK_POWER = 19,17,17,16,17,20,18,17,19,0,18,0
MAXPARAM_FLAT_KICK_POWER = 127,127,127,127,127,127,127,127,127,0,62,0



APARAM_CHIP_KICK = 0.0005017267, 0.0004188206,0.0004138351,0.0003464933,0.0006696072,0.0005281477,0.0001877431,0.0002205335,0.0004185601 ,0.0009497929,0.0014338001,0.0003708850
BPARAM_CHIP_KICK = - 0.0863953782 , - 0.0539686438 ,- 0.0415024701 ,-0.0193662263 ,0.0122284397,- 0.0239819184 ,0.0895200616 ,0.0255433568,- 0.0533826601 ,- 0.0079733116 ,- 0.0125004818 ,- 0.0530546683 
CPARAM_CHIP_KICK = 57.1381760954, 54.0080606949 , 51.2292607681 ,49.4092850656,42.1889128331 ,48.7105620087,42.9581422675,43.5646237037,54.6030844478 ,45.2532156039,51.8171967311,53.8627929170


# }

MINPARAM_CHIP_KICK_POWER = 50,50,50,50,50,50,50,50,50,50,60,50
MAXPARAM_CHIP_KICK_POWER = 127,127,127,127,127,120,120,110,127,127,110,127

#OldCar
#CHASE_KICK_CROSS_FACTOR = 0.5, 0.5, 0.5, 0.5, 0.3, 0.5, 0.5, 0.5, 0.5, 0.5, 0.5, 0.5
#CHASE_KICK_VERTICAL_FACTOR = 1, 1, 1, 1, 1, 1, 1, 1, 1, 1, 1, 1

#NewCar
CHASE_KICK_CROSS_FACTOR = 	0,0,0,0,0,0,0,0,0,0,0,0
CHASE_KICK_VERTICAL_FACTOR = 0,0,0,0,0,0,0,0,0,0,0,0

LEVEL1501 = 21, 221,	 250,	270, 300
VALUE1501 = 0,  0.025, 0.05, 0.075, 0.1
LEVEL1502 = 51, 116, 150, 175,   200,  225,   250, 260,   270,  275,   280, 285,   290,  295,  300
VALUE1502 = 0,  0.1,	0.2, 0.225,	0.25, 0.275, 0.3, 0.325, 0.35, 0.375, 0.4, 0.425, 0.45, 0.475, 0.5
LEVEL1503 = 10, 51,	 80,	120, 141,  161, 231,  251, 270,  290,  300
VALUE1503 = 0,  0.05, 0.075, 0.1, 0.15, 0.2, 0.25, 0.3, 0.325, 0.35, 0.375
LEVEL1504 = 10, 51,	 80,	120, 141,  161, 231,  251, 270,  290,  300
VALUE1504 = 0,  0.05, 0.075, 0.1, 0.15, 0.2, 0.25, 0.3, 0.325, 0.35, 0.375
LEVEL1505 = 10, 51,	 80,	120, 141,  161, 231,  251, 270,  290,  300
VALUE1505 = 0,  0.05, 0.125, 0.2, 0.25, 0.3, 0.35, 0.4, 0.425, 0.45, 0.475
LEVEL1506 = 10, 61,	111,  141,  201, 221,	251, 	271,   285,  300, 320
VALUE1506 = 0,0.05,	0.1,  0.15, 0.2, 0.25, 	0.30, 	0.325, 0.35, 0.375,	0.4
LEVEL1507 = 10, 51,	 80,	120, 141,  161, 231,  251, 290,  300
VALUE1507 = 0,  0.05, 0.075, 0.1, 0.15, 0.2, 0.25, 0.35,  0.375, 0.425
LEVEL1508 = 10, 51,	 80,	120, 141,  171, 201,  251, 271, 290, 300
VALUE1508 = 0,  0.05, 0.075, 0.1, 0.15, 0.2, 0.25, 0.3,  0.35, 0.4, 0.425
LEVEL1509 = 21, 221,	 250,	270, 300
VALUE1509 = 0,  0.025, 0.05, 0.075, 0.1
LEVEL1510 = 10, 51,	 80,	120, 141,  161, 180,  200,   220, 230,   240,  250, 260
VALUE1510 = 0,  0.05, 0.075, 0.1, 0.15, 0.2, 0.25, 0.275, 0.3, 0.325, 0.35, 0.4, 0.5

